2.30146154 2.28833718 2.25211971 2.20108883 2.14577549 2.09577535 2.05771292 2.03473103 2.02695895 2.03217905
2.21884670 2.21028279 2.18656938 2.15294725 2.11617076 2.08256678 2.05668902 2.04083679 2.03522901 2.03844011
2.16431497 2.15870122 2.14311055 2.12087866 2.09636703 2.07375459 2.05615045 2.04520237 2.04115384 2.04310808
2.12819690 2.12449916 2.11420319 2.09944876 2.08306748 2.06782934 2.05584394 2.04828003 2.04536251 2.04653715
2.10414756 2.10170172 2.09487525 2.08505302 2.07408521 2.06380426 2.05564144 2.05041645 2.04832070 2.04901718
2.08803609 2.08641297 2.08187747 2.07532744 2.06797365 2.06103361 2.05547527 2.05186940 2.05037021 2.05077357
2.07717613 2.07609811 2.07307958 2.06870584 2.06377256 2.05908943 2.05530780 2.05282338 2.05175582 2.05198337
2.06980771 2.06909076 2.06708035 2.06415898 2.06085127 2.05769346 2.05512412 2.05341591 2.05265922 2.05278238
2.06477197 2.06429458 2.06295587 2.06100606 2.05878969 2.05666281 2.05491985 2.05374785 2.05321371 2.05327590
2.06130290 2.06098589 2.06009480 2.05879395 2.05731003 2.05587904 2.05469824 2.05389544 2.05351947 2.05354678
2.05889377 2.05868302 2.05808998 2.05722230 2.05622913 2.05526822 2.05446862 2.05391895 2.05365448 2.05366236
2.05720783 2.05706763 2.05667265 2.05609345 2.05542816 2.05478028 2.05423813 2.05386109 2.05367457 2.05367199
2.05601664 2.05592313 2.05565940 2.05527172 2.05482476 2.05438713 2.05401806 2.05375812 2.05362565 2.05361775
2.05517039 2.05510770 2.05493065 2.05466969 2.05436755 2.05406992 2.05381669 2.05363576 2.05354051 2.05353018
2.05456653 2.05452411 2.05440414 2.05422675 2.05402036 2.05381562 2.05363962 2.05351182 2.05344210 2.05343091
2.05413458 2.05410548 2.05402300 2.05390061 2.05375740 2.05361416 2.05348959 2.05339745 2.05334524 2.05333407
2.05382537 2.05380501 2.05374717 2.05366097 2.05355946 2.05345699 2.05336671 2.05329859 2.05325845 2.05324775