 5.70666519E-03  5.49370223E-03  4.89060153E-03  3.98986901E-03 2.91791952E-03 -1.79951126E-03 -7.34652878E-04 -1.93510871E-04 -8.93438342E-04 -1.22837163E-03
 2.58484714E-03  2.49017256E-03  2.22399808E-03  1.83352881E-03 1.37634928E-03 -8.98878043E-04  4.27265273E-04 -2.10193239E-05 -4.14148996E-04 -6.81540981E-04
 8.99596725E-04  8.68270196E-04  7.83231454E-04  6.64132504E-04 5.30818533E-04  3.90562829E-04  2.34585047E-04  4.88710987E-05 -1.65900040E-04 -3.75830203E-04
 4.23451124E-05  4.30874171E-05  4.85027217E-05  6.39419937E-05 9.02743599E-05  1.16293536E-04  1.18487213E-04  7.03578062E-05 -4.21183897E-05 -2.05159709E-04
-3.50967583E-04 -3.35798648E-04 -2.90135774E-04 -2.15523081E-04 1.19895615E-04 -2.15608838E-05  5.17695057E-05  7.05551299E-05  1.54576206E-05 -1.10178224E-04
-4.93127442E-04 -4.73012131E-04 -4.13791125E-04  3.20115737E-04 2.03052532E-04 -8.22296041E-05  1.55401034E-05  6.23535041E-05  3.84810437E-05 -5.76862474E-05
-5.06420541E-04 -4.86130754E-04 -4.26860138E-04  3.34214022E-04 2.19562278E-04 -1.01140656E-04 -2.60618209E-06  5.17670060E-05  4.41551195E-05 -2.89988738E-05
-4.59704199E-04  4.41420953E-04  3.88231385E-04  3.05620927E-04 2.03952897E-04 -9.89752951E-05 -1.04732515E-05  4.14509322E-05  4.17375814E-05 -1.35818958E-05
 3.90495709E-04  3.75008417E-04  3.30066527E-04  2.60561416E-04 1.75350368E-04 -8.74361267E-05 -1.28036270E-05  3.24368301E-05  3.60961003E-05 -5.49598471E-06
 3.18220306E-04  3.05602704E-04  2.69059701E-04  2.12714116E-04 1.43841408E-04 -7.28678178E-05 -1.23888717E-05  2.49897648E-05  2.96794239E-05 -1.41780864E-06
 2.52054975E-04  2.42049179E-04  2.13111919E-04  1.68601786E-04 1.14332022E-04 -5.84776021E-05 -1.07935424E-05  1.90369282E-05  2.36290353E-05  5.00910186E-07
 1.95556015E-04  1.87777142E-04  1.65304778E-04  1.30809269E-04 8.88423466E-05 -4.57130887E-05 -8.85680976E-06  1.43781834E-05  1.83984689E-05  1.28442099E-06
 1.49344930E-04  1.43388698E-04  1.26200318E-04  9.98604277E-05 6.78722887E-05 -3.50453316E-05 -6.99244550E-06  1.07840388E-05  1.40956365E-05  1.49228274E-06
 1.12645899E-04  1.08140021E-04  9.51483018E-05  7.52670634E-05 5.11697058E-05 -2.64741063E-05 -5.37428688E-06  8.03905880E-06  1.06643029E-05  1.42541391E-06
 8.41127247E-05  8.07379363E-05  7.10130008E-05  5.61534884E-05 3.81687097E-05 -1.97637385E-05 -4.04810299E-06  5.96221092E-06  7.98892328E-06  1.24534613E-06
 6.22855860E-05  5.97779211E-05  5.25575698E-05  4.15366472E-05 2.82196589E-05 -1.46104560E-05 -3.00020870E-06  4.40278161E-06  5.93737463E-06  1.03405038E-06
 4.57971482E-05  4.39441977E-05  3.86207896E-05  3.05033552E-05 2.07079534E-05 -1.07125273E-05 -2.19377799E-06  3.23920845E-06  4.38153495E-06  8.29764436E-07