-300.1501504 -300.1503577 -300.1509317 -300.1517436 -300.1526181 -300.1533796 -300.1538928 -300.1540904 -300.1539825 -300.1536543
-300.1545859 -300.1547208 -300.1550951 -300.1556258 -300.1561997 -300.1567023 -300.1570443 -300.1571801 -300.1571146 -300.1569027
-300.1575157 -300.1576036 -300.1578475 -300.1581942 -300.1585703 -300.1589014 -300.1591286 -300.1592209 -300.1591808 -300.1590437
-300.1594163 -300.1594734 -300.1596321 -300.1598581 -300.1601041 -300.1603213 -300.1604714 -300.1605334 -300.1605085 -300.1604196
-300.1606216 -300.1606585 -300.1607614 -300.1609081 -300.1610680 -300.1612097 -300.1613078 -300.1613487 -300.1613328 -300.1612750
-300.1613628 -300.1613866 -300.1614527 -300.1615470 -300.1616500 -300.1617412 -300.1618043 -300.1618304 -300.1618197 -300.1617820
-300.1617982 -300.1618133 -300.1618551 -300.1619148 -300.1619799 -300.1620374 -300.1620768 -300.1620924 -300.1620847 -300.1620599
-300.1620349 -300.1620442 -300.1620700 -300.1621068 -300.1621467 -300.1621816 -300.1622049 -300.1622132 -300.1622070 -300.1621905
-300.1621447 -300.1621503 -300.1621656 -300.1621872 -300.1622104 -300.1622302 -300.1622427 -300.1622460 -300.1622406 -300.1622295
-300.1621757 -300.1621788 -300.1621872 -300.1621990 -300.1622112 -300.1622211 -300.1622264 -300.1622263 -300.1622214 -300.1622139
-300.1621593 -300.1621608 -300.1621648 -300.1621703 -300.1621755 -300.1621791 -300.1621799 -300.1621777 -300.1621731 -300.1621679
-300.1621161 -300.1621167 -300.1621180 -300.1621195 -300.1621205 -300.1621203 -300.1621184 -300.1621150 -300.1621108 -300.1621071
-300.1620596 -300.1620595 -300.1620593 -300.1620586 -300.1620572 -300.1620548 -300.1620515 -300.1620477 -300.1620440 -300.1620412
-300.1619982 -300.1619979 -300.1619968 -300.1619950 -300.1619924 -300.1619891 -300.1619854 -300.1619815 -300.1619783 -300.1619763
-300.1619376 -300.1619371 -300.1619357 -300.1619335 -300.1619306 -300.1619271 -300.1619234 -300.1619199 -300.1619172 -300.1619158
-300.1618809 -300.1618805 -300.1618791 -300.1618769 -300.1618741 -300.1618709 -300.1618676 -300.1618647 -300.1618625 -300.1618614
-300.1618303 -300.1618299 -300.1618287 -300.1618268 -300.1618243 -300.1618216 -300.1618189 -300.1618165 -300.1618149 -300.1618141